  0  0  0  0  0  0  0  0
  0.001  0.00305782  0.0135585  0.0203502  0.186397  0.186397  0.0557062  0.01
  0.002  0.269554  0.0323764  0.0936313  0.322029  0.322029  0.118112  0.02
  0.003  0.251268  0.0364406  0.0208271  0.573224  0.573224  0.167097  0.03
  0.004  0.194268  0.06672  0.063178  0.547077  0.547077  0.244578  0.04
  0.005  0.165971  0.192353  0.07756  1.08258  1.08258  0.317495  0.05
  0.006  0.169628  0.193255  0.1707  0.9632  0.9632  0.348245  0.06
  0.007  0.155934  0.382587  0.166895  1.22044  1.22044  0.380002  0.07
  0.008  0.162985  0.706559  0.176275  0.718248  0.718248  0.472115  0.08
  0.009  0.122308  1.03717  0.366821  0.722908  0.722908  0.551645  0.09
  0.01  0.124159  1.07862  0.423721  0.713137  0.713137  0.606523  0.1
  0.011  0.0926812  1.14837  0.423373  0.716405  0.716405  0.691209  0.11
  0.012  0.0384465  1.17899  0.413878  0.910256  0.910256  0.75418  0.12
  0.013  0.0488801  1.20109  0.457881  0.89074  0.89074  0.804531  0.13
  0.014  0.24189  1.15825  0.473483  0.867173  0.867173  0.864851  0.14
  0.015  0.228831  1.10624  0.500454  0.664169  0.664169  0.935741  0.15
  0.016  0.364931  1.10483  0.225011  0.505326  0.505326  0.998842  0.16
  0.017  0.449893  1.64524  0.275894  0.456832  0.456832  1.04844  0.17
  0.018  0.485475  1.38568  0.308378  0.432523  0.432523  1.11374  0.18
  0.019  0.491639  1.29301  0.474798  0.649275  0.649275  1.20951  0.19
  0.02  0.576041  1.31048  0.480392  0.680884  0.680884  1.30662  0.2
  0.021  0.512151  1.214  0.483263  0.661386  0.661386  1.36184  0.21
  0.022  0.55367  1.30035  0.455959  0.671313  0.671313  1.43697  0.22
  0.023  0.28893  1.41616  0.470086  0.629071  0.629071  1.5894  0.23
  0.024  0.286836  1.56313  0.674924  0.543596  0.543596  1.55887  0.24
  0.025  0.296971  1.56079  0.604795  0.39227  0.39227  1.62096  0.25
  0.026  0.376233  2.41637  1.17184  0.25113  0.25113  1.59355  0.26
  0.027  0.417291  2.71535  1.12905  0.253227  0.253227  1.65674  0.27
  0.028  0.730026  2.63076  1.98293  0.367338  0.367338  1.83553  0.28
  0.029  0.877972  2.13834  1.48543  0.920998  0.920998  1.87231  0.29
  0.03  1.21475  1.9906  1.55084  1.46703  1.46703  2.03254  0.3
  0.031  1.82876  1.6803  1.80853  2.57443  2.57443  2.04547  0.31
  0.032  1.84594  2.12299  1.78422  2.74179  2.74179  2.07319  0.32
  0.033  2.4307  1.9072  1.78214  2.00624  2.00624  2.11588  0.33
  0.034  2.6748  1.99931  1.00334  1.71568  1.71568  2.14228  0.34
  0.035  2.93835  1.95434  1.14078  1.71407  1.71407  2.14733  0.35
  0.036  3.10615  1.30465  1.12644  2.07392  2.07392  2.14636  0.36
  0.037  2.85473  1.24065  1.18398  1.87095  1.87095  2.1063  0.37
  0.038  2.84128  1.37404  1.35269  1.76135  1.76135  2.22294  0.38
  0.039  2.80222  1.19694  1.43672  1.71419  1.71419  2.25173  0.39
  0.04  2.86088  1.18817  2.04518  2.89455  2.89455  2.27261  0.4
  0.041  2.874  2.16584  2.04886  2.5245  2.5245  2.40764  0.41
  0.042  5.60074  1.83813  2.05865  2.09036  2.09036  2.63588  0.42
  0.043  6.50736  1.88211  2.1574  1.97124  1.97124  2.77627  0.43
  0.044  7.88938  1.64229  1.6554  2.44736  2.44736  2.89364  0.44
  0.045  7.83969  1.58455  1.89384  2.84423  2.84423  2.7429  0.45
  0.046  6.71628  1.58987  1.75825  2.93892  2.93892  2.63642  0.46
  0.047  6.95604  1.43587  2.77682  2.972  2.972  2.7541  0.47
  0.048  7.01056  1.29507  2.78598  3.07211  3.07211  2.85123  0.48
  0.049  7.04644  1.17091  2.23221  2.905  2.905  2.80537  0.49
  0.05  5.83334  2.13793  2.22078  2.74608  2.74608  2.80592  0.5
  0.051  5.42799  2.34694  2.40196  3.09656  3.09656  2.71923  0.51
  0.052  5.06879  1.90801  2.44995  3.26635  3.26635  2.72283  0.52
  0.053  5.12453  1.95053  2.48594  2.84267  2.84267  2.86385  0.53
  0.054  5.49933  2.26559  2.49997  3.08184  3.08184  3.03082  0.54
  0.055  7.54951  2.15301  2.16964  3.06478  3.06478  3.16439  0.55
  0.056  9.26271  1.89929  2.04261  1.57321  1.57321  3.18322  0.56
  0.057  9.23305  2.41438  1.88891  1.88898  1.88898  3.19195  0.57
  0.058  9.26969  2.33954  2.01311  2.0014  2.0014  3.2717  0.58
  0.059  8.34317  3.19433  2.74474  2.81859  2.81859  3.33236  0.59
  0.06  7.70571  4.02513  2.39087  2.85491  2.85491  3.38806  0.6
  0.061  7.7347  3.47991  2.80914  2.61905  2.61905  3.2942  0.61
  0.062  7.85082  3.76292  1.72064  2.73027  2.73027  3.22756  0.62
  0.063  7.93753  3.02927  1.83644  2.45113  2.45113  3.33508  0.63
  0.064  8.25398  3.13323  2.45382  2.41686  2.41686  3.32835  0.64
  0.065  8.00722  3.10746  3.46724  2.34371  2.34371  3.46282  0.65
  0.066  9.13157  2.97575  3.55359  2.5293  2.5293  3.70227  0.66
  0.067  9.26698  3.21406  3.47484  2.51816  2.51816  4.00697  0.67
  0.068  9.92111  3.54967  3.5889  2.35742  2.35742  4.10371  0.68
  0.069  10.627  3.64098  3.05543  2.88056  2.88056  4.03191  0.69
  0.07  10.5618  3.46393  2.95584  2.94244  2.94244  4.10294  0.7
  0.071  10.3966  3.01148  3.68023  2.1614  2.1614  4.34564  0.71
  0.072  10.4162  3.2009  3.75781  2.37661  2.37661  4.39893  0.72
  0.073  10.3319  3.30116  4.06357  1.65917  1.65917  4.46886  0.73
  0.074  11.1634  3.35243  3.64606  1.39646  1.39646  4.48367  0.74
  0.075  11.3362  3.20779  3.33303  1.62323  1.62323  4.47947  0.75
  0.076  11.1274  3.32793  4.47576  1.69612  1.69612  4.64144  0.76
  0.077  11.4086  3.38237  4.46797  1.63223  1.63223  4.67992  0.77
  0.078  10.9178  3.40968  6.75682  1.33471  1.33471  4.79174  0.78
  0.079  10.6825  3.41659  9.00866  1.32038  1.32038  4.93864  0.79
  0.08  10.41  3.3363  9.67557  1.7114  1.7114  4.87879  0.8
  0.081  9.79844  3.02285  10.4007  2.06299  2.06299  4.98977  0.81
  0.082  10.6495  2.87642  10.32  2.9662  2.9662  4.87646  0.82
  0.083  10.7726  2.8513  11.0497  3.26671  3.26671  4.91893  0.83
  0.084  10.1833  2.82905  10.5405  3.00421  3.00421  4.86361  0.84
  0.085  12.7078  2.44463  13.8531  4.05461  4.05461  5.07188  0.85
  0.086  13.9022  2.49156  12.8259  4.08218  4.08218  5.08146  0.86
  0.087  13.4677  2.61029  12.2177  6.47849  6.47849  5.11822  0.87
  0.088  13.7066  2.77594  14.2108  6.15686  6.15686  5.3054  0.88
  0.089  13.546  1.91796  13.8199  5.55045  5.55045  5.29572  0.89
  0.09  12.1683  2.13978  14.094  5.64917  5.64917  5.27373  0.9
  0.091  13.6778  1.9452  13.8951  6.53477  6.53477  5.32264  0.91
  0.092  13.2122  1.25554  11.6091  7.24822  7.24822  5.32924  0.92
  0.093  15.0306  1.25305  11.5931  6.65723  6.65723  5.37883  0.93
  0.094  15.7079  1.22121  11.6862  7.43727  7.43727  5.43937  0.94
  0.095  19.0262  1.6698  12.71  8.46014  8.46014  5.65473  0.95
  0.096  18.8888  1.62579  13.9816  7.73647  7.73647  5.81177  0.96
  0.097  18.4455  1.95084  13.8014  8.16214  8.16214  5.75953  0.97
  0.098  18.4331  1.69782  13.4638  10.1512  10.1512  5.65255  0.98
  0.099  19.8132  1.25557  12.6383  9.88362  9.88362  5.59318  0.99
  0.1  18.9441  1.06486  12.7737  10.1705  10.1705  5.74251  1
  0.101  17.7309  1.13795  14.243  8.70678  8.70678  5.7594  1.01
  0.102  17.3452  0.647142  14.5753  8.6828  8.6828  5.76764  1.02
  0.103  14.74  0.613414  14.5775  9.44431  9.44431  5.66818  1.03
  0.104  14.0183  0.589046  14.9396  8.23435  8.23435  5.87201  1.04
  0.105  10.7447  0.608378  14.9536  7.36593  7.36593  5.79946  1.05
  0.106  10.7314  0.69633  15.7482  7.7939  7.7939  5.71496  1.06
  0.107  11.1836  0.641655  15.432  8.80128  8.80128  5.80826  1.07
  0.108  10.6171  0.715391  14.4317  8.79843  8.79843  5.73884  1.08
  0.109  12.1352  0.766602  15.9097  8.65431  8.65431  5.83342  1.09
  0.11  11.2359  0.592158  15.7762  9.1616  9.1616  5.90346  1.1
  0.111  11.0811  0.456965  17.3063  9.41556  9.41556  5.92854  1.11
  0.112  9.88795  0.633415  17.5564  8.50952  8.50952  5.94695  1.12
  0.113  11.0003  0.423159  17.566  8.04803  8.04803  6.08458  1.13
  0.114  17.4286  0.500359  16.7494  8.06957  8.06957  6.47725  1.14
  0.115  17.2022  0.672086  22.1363  8.07982  8.07982  6.36961  1.15
  0.116  17.1707  0.710256  22.4243  8.33626  8.33626  6.42733  1.16
  0.117  17.344  1.69274  22.2162  7.80498  7.80498  6.48887  1.17
  0.118  17.9509  2.06826  22.6775  7.64246  7.64246  6.48934  1.18
  0.119  18.7675  1.92032  22.0262  6.6327  6.6327  6.63007  1.19
  0.12  20.3881  2.46964  23.0253  6.27655  6.27655  6.74549  1.2
  0.121  20.6743  2.75515  21.8068  6.95724  6.95724  6.67196  1.21
  0.122  20.7438  2.82211  21.7235  6.65164  6.65164  6.66918  1.22
  0.123  19.0673  2.90459  20.4729  6.69768  6.69768  6.73678  1.23
  0.124  19.32  2.90404  20.1975  5.97798  5.97798  6.83963  1.24
  0.125  19.1903  3.18169  18.4835  6.09189  6.09189  6.81076  1.25
  0.126  19.3838  3.49778  18.7091  6.25175  6.25175  6.88137  1.26
  0.127  19.0628  3.72391  18.965  6.56166  6.56166  6.82271  1.27
  0.128  19.0951  3.40738  21.8519  6.2413  6.2413  6.94515  1.28
  0.129  19.0893  3.55195  21.4269  6.09315  6.09315  6.8556  1.29
  0.13  18.8215  3.64915  21.4744  5.99516  5.99516  6.63693  1.3
  0.131  18.8935  5.14052  23.4984  5.9667  5.9667  6.7658  1.31
  0.132  21.4283  4.9431  23.4612  6.45397  6.45397  7.18229  1.32
  0.133  22.0405  3.62462  24.0672  6.09387  6.09387  7.31514  1.33
  0.134  24.4559  3.65368  23.8446  5.10092  5.10092  7.39091  1.34
  0.135  24.7545  3.68483  23.4897  5.66817  5.66817  7.36726  1.35
  0.136  26.7983  3.38338  23.9408  5.73801  5.73801  7.5889  1.36
  0.137  28.1493  3.26982  22.4568  5.45883  5.45883  7.60607  1.37
  0.138  27.7298  4.72538  23.9109  6.93729  6.93729  7.85725  1.38
  0.139  27.298  4.69138  20.9211  6.00153  6.00153  7.88791  1.39
  0.14  25.1251  4.85528  21.1436  5.80954  5.80954  7.76998  1.4
  0.141  24.9529  5.11878  21.4323  6.19549  6.19549  7.86872  1.41
  0.142  24.2929  5.91469  21.9626  6.13456  6.13456  7.99274  1.42
  0.143  24.2777  4.75918  24.6734  6.04317  6.04317  8.24424  1.43
  0.144  24.4854  4.38899  24.8818  6.70673  6.70673  8.39302  1.44
  0.145  24.998  4.35038  24.47  6.58659  6.58659  8.44121  1.45
  0.146  23.9382  4.64788  25.5711  7.2195  7.2195  8.46864  1.46
  0.147  23.7557  4.61511  25.2047  7.34905  7.34905  8.47413  1.47
  0.148  23.6261  4.06623  25.8403  8.24304  8.24304  8.7383  1.48
  0.149  23.2401  3.69494  25.9118  8.44827  8.44827  8.87259  1.49
  0.15  21.3025  3.67833  27.2857  8.88707  8.88707  8.83727  1.5
  0.151  21.1033  4.55367  27.1287  8.97195  8.97195  8.9535  1.51
  0.152  19.42  5.30196  25.7906  8.96831  8.96831  8.87626  1.52
  0.153  18.4586  5.31267  23.878  8.96819  8.96819  8.92098  1.53
  0.154  18.8055  5.07995  24.5353  8.76022  8.76022  8.7913  1.54
  0.155  19.0535  5.26173  25.8647  9.29659  9.29659  8.83054  1.55
  0.156  18.983  5.92863  25.9951  9.56364  9.56364  8.88773  1.56
  0.157  17.4884  5.90962  24.1677  9.6684  9.6684  8.82708  1.57
  0.158  17.9063  5.71295  25.151  8.3311  8.3311  8.86158  1.58
  0.159  18.3061  6.51015  26.956  8.13643  8.13643  8.759  1.59
  0.16  18.164  6.00341  30.3302  8.589  8.589  9.02476  1.6
  0.161  17.2272  6.22036  34.2539  8.40473  8.40473  9.18612  1.61
  0.162  17.898  7.21332  30.1685  6.55723  6.55723  8.99421  1.62
  0.163  17.7512  5.91624  28.9007  6.57205  6.57205  8.85167  1.63
  0.164  17.0534  5.71228  30.3715  6.52907  6.52907  8.94844  1.64
  0.165  16.6501  5.62899  28.5502  6.37253  6.37253  8.89689  1.65
  0.166  16.037  6.42424  27.6268  6.3599  6.3599  8.99801  1.66
  0.167  15.4842  6.77311  29.9108  6.90373  6.90373  8.99422  1.67
  0.168  13.0693  5.58283  29.8911  8.05397  8.05397  8.9483  1.68
  0.169  13.0373  6.9614  30.3196  8.09301  8.09301  9.02134  1.69
  0.17  14.6707  6.57435  30.1845  8.37228  8.37228  9.17078  1.7
  0.171  15.0878  5.43181  27.217  7.64001  7.64001  9.14253  1.71
  0.172  14.9349  4.97275  28.4473  6.82712  6.82712  9.0527  1.72
  0.173  14.6587  5.41892  29.2368  6.57241  6.57241  9.07081  1.73
  0.174  16.2534  5.20659  29.8975  6.83944  6.83944  9.05418  1.74
  0.175  14.1022  5.32595  26.8287  6.67513  6.67513  9.12141  1.75
  0.176  13.9191  5.38288  28.1989  7.06527  7.06527  9.24252  1.76
  0.177  14.2263  5.38119  27.7359  6.4946  6.4946  9.43096  1.77
  0.178  14.2508  5.41648  27.2054  6.48469  6.48469  9.51144  1.78
  0.179  13.8888  5.45842  27.2291  7.94619  7.94619  9.44832  1.79
  0.18  13.8076  4.23585  27.1917  7.10332  7.10332  9.4543  1.8
  0.181  14.3888  4.27005  26.5366  6.90954  6.90954  9.56392  1.81
  0.182  13.9984  4.91982  28.338  6.52023  6.52023  9.86459  1.82
  0.183  14.0287  4.69634  29.6312  7.40141  7.40141  10.1139  1.83
  0.184  13.8483  5.1603  29.9719  6.83926  6.83926  10.2803  1.84
  0.185  14.309  5.13303  31.2308  6.18961  6.18961  10.4924  1.85
  0.186  13.8058  5.30717  32.4007  6.21603  6.21603  10.4732  1.86
  0.187  13.9491  6.1498  32.2459  6.2363  6.2363  10.3436  1.87
  0.188  15.5918  6.26089  31.4083  6.32138  6.32138  10.3943  1.88
  0.189  15.0692  6.20248  31.4158  7.06958  7.06958  10.4189  1.89
  0.19  15.0663  5.43826  29.9092  6.96343  6.96343  10.3529  1.9
  0.191  10.643  6.09664  29.4498  7.09727  7.09727  10.1822  1.91
  0.192  10.6741  6.21963  28.7839  6.37345  6.37345  10.2067  1.92
  0.193  10.499  7.79387  27.5334  6.65584  6.65584  10.1546  1.93
  0.194  8.21421  9.63298  25.4364  7.01226  7.01226  10.1036  1.94
  0.195  10.8746  9.42964  25  6.58245  6.58245  10.2098  1.95
  0.196  10.814  9.53262  24.9504  7.36812  7.36812  10.2909  1.96
  0.197  11.6295  9.16273  25.5433  7.42315  7.42315  10.3961  1.97
  0.198  11.7721  9.21055  25.2274  6.84096  6.84096  10.3818  1.98
  0.199  11.9228  9.20857  28.0493  6.45679  6.45679  10.5061  1.99
  0.2  12.7022  8.97651  28.3624  6.01288  6.01288  10.2954  2
  0.201  12.3034  7.71076  28.5745  5.95586  5.95586  10.2314  2.01
  0.202  12.7524  8.40059  31.0402  5.7125  5.7125  10.5045  2.02
  0.203  13.3843  8.73684  31.2065  6.27413  6.27413  10.3784  2.03
  0.204  12.9567  8.05561  30.0356  7.53125  7.53125  10.4225  2.04
  0.205  13.7825  8.2489  29.8398  7.34678  7.34678  10.3901  2.05
  0.206  14.9977  8.22011  32.5445  6.8684  6.8684  10.3117  2.06
  0.207  15.0963  9.55494  29.0232  7.15245  7.15245  10.4333  2.07
  0.208  14.953  9.36217  29.9368  7.26025  7.26025  10.4451  2.08
  0.209  15.0777  7.32177  28.2951  7.23071  7.23071  10.0552  2.09
  0.21  15.2512  7.37706  30.0821  6.29724  6.29724  10.3465  2.1
  0.211  14.6746  7.75068  30.2188  6.26228  6.26228  10.2877  2.11
  0.212  14.5056  8.16069  32.4258  7.27369  7.27369  10.5854  2.12
  0.213  14.3212  8.88526  33.7095  8.00037  8.00037  10.7605  2.13
  0.214  15.248  9.68917  33.1742  8.67856  8.67856  10.8788  2.14
  0.215  14.702  9.67337  32.7682  7.76451  7.76451  11.0283  2.15
  0.216  15.5413  9.45768  32.6113  9.11338  9.11338  11.119  2.16
  0.217  14.3209  10.9791  31.4039  9.08494  9.08494  11.056  2.17
  0.218  16.3362  11.0199  32.3667  9.12116  9.12116  11.204  2.18
  0.219  16.4254  11.419  30.715  9.11202  9.11202  11.2366  2.19
  0.22  16.124  11.4516  31.568  9.03041  9.03041  11.3288  2.2
  0.221  16.5102  11.5383  29.2264  9.05938  9.05938  11.3182  2.21
  0.222  17.5205  11.5444  32.0861  9.93724  9.93724  11.5773  2.22
  0.223  16.114  11.368  32.6646  10.0367  10.0367  11.5316  2.23
  0.224  18.0235  10.2916  32.8262  10.1763  10.1763  11.66  2.24
  0.225  16.6734  11.8807  33.0276  8.85671  8.85671  11.8345  2.25
  0.226  16.2556  11.6038  33.4264  8.54883  8.54883  12.0031  2.26
  0.227  16.2652  10.8131  35.7969  5.71014  5.71014  12.0217  2.27
  0.228  16.7142  10.188  35.0174  5.62476  5.62476  11.8234  2.28
  0.229  17.7735  10.071  35.0248  5.53165  5.53165  11.8318  2.29
  0.23  17.1072  10.6457  35.399  5.62129  5.62129  11.645  2.3
  0.231  17.001  11.278  33.8006  6.42038  6.42038  11.6993  2.31
  0.232  16.9625  10.7469  33.9368  7.3388  7.3388  11.8004  2.32
  0.233  18.2616  9.54933  36.983  6.86807  6.86807  11.867  2.33
  0.234  20.9646  9.47735  36.9596  6.98687  6.98687  12.1088  2.34
  0.235  20.3517  9.87016  34.8111  6.71722  6.71722  12.0807  2.35
  0.236  17.8072  10.5272  36.4569  6.83479  6.83479  12.102  2.36
  0.237  19.1185  10.9705  39.3423  8.40774  8.40774  12.4117  2.37
  0.238  23.0228  11.6539  40.2357  8.85943  8.85943  12.6102  2.38
  0.239  23.2071  10.3668  41.0599  8.58748  8.58748  12.8583  2.39
  0.24  21.0467  10.11  40.8743  8.36755  8.36755  12.7694  2.4
  0.241  20.9104  9.95857  41.9186  8.61628  8.61628  12.787  2.41
  0.242  20.7052  9.95903  42.4935  8.99391  8.99391  13.0176  2.42
  0.243  20.0474  9.87432  44.9495  8.92278  8.92278  13.0871  2.43
  0.244  19.7651  9.33772  48.2485  9.45043  9.45043  13.1608  2.44
  0.245  20.3405  8.38922  46.4179  6.57465  6.57465  12.8226  2.45
  0.246  20.5645  7.44823  45.7661  6.54248  6.54248  13.3107  2.46
  0.247  20.1942  6.52538  49.0822  7.04699  7.04699  13.6254  2.47
  0.248  20.2664  6.57978  52.4124  7.23625  7.23625  13.8795  2.48
  0.249  20.3852  6.61699  52.3649  6.44767  6.44767  13.7859  2.49
  0.25  20.0737  8.31123  52.0122  6.28876  6.28876  13.6766  2.5
  0.251  20.1374  8.25918  52.4187  6.77784  6.77784  13.6818  2.51
  0.252  17.4117  7.41714  52.4228  6.815  6.815  13.4306  2.52
  0.253  17.4186  6.32685  52.4692  7.81594  7.81594  13.5402  2.53
  0.254  17.2805  6.70666  54.3841  7.63516  7.63516  13.5698  2.54
  0.255  17.0264  6.86126  56.3701  6.66992  6.66992  13.5359  2.55
  0.256  18.9868  6.32665  55.9795  6.08523  6.08523  13.4916  2.56
  0.257  17.6164  5.88546  56.02  6.02382  6.02382  13.2355  2.57
  0.258  19.1351  5.79876  54.9352  6.37244  6.37244  13.5361  2.58
  0.259  18.5627  6.05598  53.7035  6.39063  6.39063  13.532  2.59
  0.26  18.8746  6.84807  53.7278  6.51594  6.51594  13.636  2.6
  0.261  18.4499  6.89868  54.7794  6.67483  6.67483  13.7525  2.61
  0.262  20.9954  6.03124  55.1845  7.26547  7.26547  13.862  2.62
  0.263  20.5397  6.58432  56.2367  7.27769  7.27769  13.8665  2.63
  0.264  21.491  6.64412  56.2449  7.41814  7.41814  13.7998  2.64
  0.265  21.6213  6.1798  56.6127  6.59166  6.59166  13.8363  2.65
  0.266  22.5222  6.86056  56.541  7.14084  7.14084  13.9339  2.66
  0.267  22.5081  7.60236  53.3434  6.08292  6.08292  14.0283  2.67
  0.268  22.592  7.37199  53.0769  5.04011  5.04011  13.7961  2.68
  0.269  22.2673  5.71874  51.2957  5.78812  5.78812  13.7445  2.69
  0.27  23.1226  4.78876  50.9276  5.58551  5.58551  14.0051  2.7
  0.271  23.0926  5.07845  56.7928  6.65075  6.65075  14.1101  2.71
  0.272  23.388  4.76957  56.5587  6.71068  6.71068  14.3973  2.72
  0.273  21.4497  6.22098  58.0961  6.90415  6.90415  14.759  2.73
  0.274  21.3492  6.39297  58.0666  3.58562  3.58562  14.8312  2.74
  0.275  20.9247  7.59156  59.5006  3.04088  3.04088  14.9127  2.75
  0.276  21.9822  9.27144  59.7265  3.66638  3.66638  15.1106  2.76
  0.277  20.9191  8.37482  58.0326  3.63047  3.63047  14.9981  2.77
  0.278  22.1366  8.32343  56.0362  3.80883  3.80883  14.9945  2.78
  0.279  23.2588  9.71555  57.7509  3.98562  3.98562  15.3713  2.79
  0.28  23.6399  9.55858  60.4548  3.8419  3.8419  15.4922  2.8
  0.281  22.8879  9.51691  60.6299  4.90194  4.90194  15.368  2.81
  0.282  24.5393  6.4326  62.2507  4.42661  4.42661  15.4936  2.82
  0.283  24.8219  5.93149  62.4745  4.72424  4.72424  15.4657  2.83
  0.284  25.1972  5.94437  60.8081  3.61222  3.61222  15.6718  2.84
  0.285  25.4955  5.19744  59.9242  2.76337  2.76337  15.7026  2.85
  0.286  24.6319  4.95759  58.8295  2.95558  2.95558  15.7351  2.86
  0.287  23.8762  4.97443  60.6179  2.40695  2.40695  15.9738  2.87
  0.288  24.4145  6.19499  58.2915  3.67231  3.67231  15.9343  2.88
  0.289  24.5937  6.52931  60.5678  3.46639  3.46639  15.8878  2.89
  0.29  24.3042  5.99748  63.3304  3.01573  3.01573  15.8398  2.9
  0.291  24.771  6.5133  67.6196  2.57144  2.57144  15.9661  2.91
  0.292  27.3198  6.47102  68.0406  2.07306  2.07306  16.2236  2.92
  0.293  26.7919  7.52219  67.6102  2.01785  2.01785  16.5672  2.93
  0.294  26.7232  7.84633  67.6374  1.76796  1.76796  16.7168  2.94
  0.295  26.2611  7.87498  67.9842  1.77536  1.77536  16.8538  2.95
  0.296  26.1577  8.02895  67.6591  2.62192  2.62192  16.7782  2.96
  0.297  26.1433  7.96519  71.0335  2.7077  2.7077  16.9406  2.97
  0.298  24.6926  7.97305  70.8633  2.8081  2.8081  16.8884  2.98
  0.299  23.4109  8.59021  71.0416  2.91358  2.91358  16.7747  2.99
  0.3  25.7353  8.40139  73.5431  2.82854  2.82854  16.9719  3
  0.301  23.9166  10.3321  73.1038  2.38565  2.38565  17.0025  3.01
  0.302  23.6948  9.35914  71.342  2.30743  2.30743  17.2125  3.02
  0.303  21.675  7.73377  71.1519  2.49243  2.49243  17.2663  3.03
  0.304  24.4058  7.90537  69.4738  1.98468  1.98468  17.3096  3.04
  0.305  24.4767  5.00013  68.421  2.00901  2.00901  17.4547  3.05
  0.306  23.9378  5.09909  70.7342  2.08867  2.08867  17.4343  3.06
  0.307  23.9401  5.42179  68.4897  1.92143  1.92143  17.477  3.07
  0.308  25.4232  5.6843  68.6354  1.27113  1.27113  17.7084  3.08
  0.309  22.8924  5.90156  72.1295  1.29696  1.29696  18.0116  3.09
  0.31  23.8095  6.26478  70.0037  1.13558  1.13558  18.1321  3.1
  0.311  24.6406  7.25537  72.6365  1.20069  1.20069  18.1069  3.11
  0.312  24.4541  7.28174  77.8279  1.10872  1.10872  18.4081  3.12
  0.313  26.8105  7.39947  77.945  1.29163  1.29163  18.4683  3.13
  0.314  27.2484  7.28546  78.212  1.14198  1.14198  18.3624  3.14
  0.315  26.0479  5.72419  80.0388  0.988615  0.988615  18.3321  3.15
  0.316  26.0505  5.78367  79.8368  1.64791  1.64791  18.052  3.16
  0.317  25.5982  4.86008  80.2709  1.54482  1.54482  17.9346  3.17
  0.318  25.3944  3.97205  79.8671  1.28938  1.28938  17.3647  3.18
  0.319  25.4608  2.51866  77.0104  1.27144  1.27144  17.2137  3.19
  0.32  25.4364  2.55029  75.6717  1.31942  1.31942  17.356  3.2
  0.321  24.2756  2.52929  73.0317  1.35582  1.35582  17.1278  3.21
  0.322  25.1369  3.29702  72.8471  2.40807  2.40807  17.1965  3.22
  0.323  25.5857  3.34667  73.5673  1.92434  1.92434  17.0893  3.23
  0.324  25.3318  3.35054  75.0138  2.69681  2.69681  17.3706  3.24
  0.325  25.7031  2.4584  73.3909  2.72747  2.72747  17.061  3.25
  0.326  26.3638  2.79097  75.7647  3.43493  3.43493  17.2903  3.26
  0.327  26.6662  2.27097  74.7381  3.27908  3.27908  17.4454  3.27
  0.328  26.7548  2.61289  72.3518  2.92765  2.92765  17.4878  3.28
  0.329  25.578  2.21088  72.5112  2.75167  2.75167  17.409  3.29
  0.33  31.5294  2.19365  72.2122  3.96738  3.96738  17.6273  3.3
  0.331  33.9927  2.209  72.8601  4.61387  4.61387  17.4917  3.31
  0.332  34.4388  1.91981  73.163  6.80028  6.80028  17.4161  3.32
  0.333  37.4161  2.12562  73.3823  6.27692  6.27692  17.3004  3.33
  0.334  39.1444  2.81582  73.2016  6.53196  6.53196  17.5282  3.34
  0.335  38.3789  2.1157  75.8054  7.08749  7.08749  17.5129  3.35
  0.336  34.5347  1.87896  80.1411  7.08038  7.08038  17.6334  3.36
  0.337  32.878  2.13454  80.2329  6.52841  6.52841  17.5283  3.37
  0.338  33.0875  1.92963  78.6143  6.69821  6.69821  18.1106  3.38
  0.339  33.2698  2.2934  80.046  6.94647  6.94647  18.3928  3.39
  0.34  36.3827  3.08619  81.0685  7.03917  7.03917  18.8468  3.4
  0.341  35.709  3.46616  84.9271  7.41846  7.41846  19.2391  3.41
  0.342  40.9547  3.57234  84.3536  7.64114  7.64114  19.3854  3.42
  0.343  40.1995  3.48995  80.1415  7.68023  7.68023  19.32  3.43
  0.344  40.4929  3.7478  80.6465  7.97941  7.97941  19.2293  3.44
  0.345  39.8175  3.78876  74.2777  7.08723  7.08723  19.1852  3.45
  0.346  40.2405  2.99265  72.4958  6.71474  6.71474  19.1535  3.46
  0.347  44.8144  2.97  71.1238  8.62443  8.62443  19.2875  3.47
  0.348  40.9587  2.76744  74.801  8.61826  8.61826  19.3198  3.48
  0.349  44.0352  2.64739  74.6569  8.63654  8.63654  19.291  3.49
  0.35  44.3657  2.2271  74.7745  8.16631  8.16631  19.2208  3.5
  0.351  38.3648  2.13802  73.3356  8.42039  8.42039  18.9431  3.51
  0.352  40.0356  2.00933  74.1548  8.11396  8.11396  19.1012  3.52
  0.353  40.3593  2.78633  77.2862  8.11621  8.11621  19.2903  3.53
  0.354  40.5921  5.11761  76.6851  7.62251  7.62251  19.3632  3.54
  0.355  39.2417  5.13433  76.9908  9.03719  9.03719  19.4612  3.55
  0.356  39.1598  5.09193  77.9074  8.91819  8.91819  19.805  3.56
  0.357  37.3335  5.23812  75.4495  8.18765  8.18765  19.6693  3.57
  0.358  35.2808  5.36967  76.1788  9.64486  9.64486  19.5709  3.58
  0.359  34.8002  3.90548  70.7512  10.0034  10.0034  19.4688  3.59
  0.36  35.881  4.92582  73.1221  9.88308  9.88308  19.3987  3.6
  0.361  39.3758  5.1984  72.1286  9.63595  9.63595  19.4796  3.61
  0.362  36.6178  5.23468  72.3044  9.66196  9.66196  19.43  3.62
  0.363  33.9752  5.38764  71.6188  10.3935  10.3935  19.358  3.63
  0.364  35.4769  5.43729  71.8481  10.4344  10.4344  19.6104  3.64
  0.365  35.6793  5.20886  75.8021  10.7684  10.7684  19.9879  3.65
  0.366  35.4855  6.23796  77.0898  12.287  12.287  20.1553  3.66
  0.367  32.608  5.15197  77.6059  11.1724  11.1724  20.1126  3.67
  0.368  32.7406  4.87981  77.5894  11.2005  11.2005  20.2611  3.68
  0.369  32.5852  5.97249  77.4421  11.7835  11.7835  20.5136  3.69
  0.37  36.726  5.99918  76.9414  13.0411  13.0411  20.5512  3.7
  0.371  34.7954  6.31876  77.067  11.5958  11.5958  20.6936  3.71
  0.372  33.8844  6.25469  77.0686  11.9106  11.9106  20.7414  3.72
  0.373  31.3504  5.5906  74.8435  12.1245  12.1245  20.722  3.73
  0.374  32.2568  5.4815  74.1905  11.2967  11.2967  20.7734  3.74
  0.375  32.4895  5.95987  70.4038  12.587  12.587  21.0141  3.75
  0.376  32.2958  5.95432  70.7484  11.5315  11.5315  21.4097  3.76
  0.377  32.9572  5.88975  66.7339  12.08  12.08  21.4831  3.77
  0.378  32.4774  6.08804  67.2587  12.2352  12.2352  21.8238  3.78
  0.379  36.7807  6.17263  66.8359  12.3132  12.3132  21.9135  3.79
  0.38  36.1711  5.42221  69.701  14.0628  14.0628  21.9296  3.8
  0.381  35.7372  6.83926  67.4875  15.0953  15.0953  21.8506  3.81
  0.382  35.4113  7.64397  67.6318  15.098  15.098  21.8677  3.82
  0.383  36.376  7.63837  62.878  14.9652  14.9652  21.5313  3.83
  0.384  33.3402  8.07036  63.0649  14.873  14.873  21.7621  3.84
  0.385  34.0587  7.66241  64.0648  14.4727  14.4727  21.9894  3.85
  0.386  35.3856  8.04498  68.7285  14.4248  14.4248  21.7889  3.86
  0.387  35.3298  8.22111  69.961  14.6398  14.6398  21.8628  3.87
  0.388  33.2135  7.87824  68.7501  13.0427  13.0427  21.7551  3.88
  0.389  30.0185  8.44128  69.517  14.1274  14.1274  21.8434  3.89
  0.39  28.7511  8.267  69.4454  14.9277  14.9277  21.6691  3.9
  0.391  29.8885  8.37737  66.0118  14.9609  14.9609  21.5449  3.91
  0.392  29.9456  7.63444  65.7665  14.9001  14.9001  21.5212  3.92
  0.393  31.6585  7.64828  67.7047  14.3938  14.3938  21.7803  3.93
  0.394  29.9791  7.46126  67.6767  13.189  13.189  21.9251  3.94
  0.395  31.9868  8.77558  68.6558  13.343  13.343  22.0855  3.95
  0.396  32.3562  8.77359  69.4988  16.8641  16.8641  22.0992  3.96
  0.397  31.3372  8.7134  68.4659  16.8236  16.8236  21.9113  3.97
  0.398  34.4055  9.77001  73.0003  16.6827  16.6827  22.0058  3.98
  0.399  34.4508  10.3415  73.8537  16.9714  16.9714  22.41  3.99
  0.4  34.2628  10.3184  74.4546  17.1221  17.1221  22.6578  4
  0.401  37.0788  9.70818  69.9426  18.7949  18.7949  22.7947  4.01
  0.402  36.8184  9.56587  68.2552  19.8548  19.8548  22.8231  4.02
  0.403  36.3103  9.36378  69.4805  19.9546  19.9546  22.8213  4.03
  0.404  37.1656  8.71809  70.434  19.9457  19.9457  22.9784  4.04
  0.405  42.2724  8.81766  70.9996  20.8644  20.8644  23.5039  4.05
  0.406  47.8446  9.38492  71.5993  22.8956  22.8956  23.4614  4.06
  0.407  47.9482  11.9241  71.3006  23.2846  23.2846  23.7332  4.07
  0.408  48.7012  10.6413  72.64  20.657  20.657  23.7709  4.08
  0.409  48.8037  10.6362  73.3896  20.6385  20.6385  24.033  4.09
  0.41  49.2778  10.6515  76.1652  20.6053  20.6053  24.1116  4.1
  0.411  49.4645  10.1685  76.5684  20.6047  20.6047  24.4712  4.11
  0.412  47.7287  10.9262  76.0128  22.6432  22.6432  24.3384  4.12
  0.413  47.0195  10.697  76.0123  22.7802  22.7802  24.4589  4.13
  0.414  49.4853  11.7431  75.416  22.9245  22.9245  24.387  4.14
  0.415  48.3625  13.4155  76.4485  22.6117  22.6117  24.5786  4.15
  0.416  47.2947  13.5213  82.3003  24.8479  24.8479  24.883  4.16
  0.417  47.5661  12.5309  81.1353  24.531  24.531  24.6322  4.17
  0.418  46.2265  11.6289  74.7488  23.5179  23.5179  24.5081  4.18
  0.419  45.4985  13.7562  74.7245  24.0725  24.0725  24.5912  4.19
  0.42  45.3332  15.9393  75.4565  24.0782  24.0782  24.6817  4.2
  0.421  47.0217  17.4054  75.626  26.4355  26.4355  24.8208  4.21
  0.422  48.8864  18.1734  74.6251  28.272  28.272  24.8701  4.22
  0.423  45.2799  17.9092  77.847  29.0346  29.0346  25.3142  4.23
  0.424  44.7016  19.5648  77.7771  30.2285  30.2285  25.5734  4.24
  0.425  41.7017  19.6054  84.0344  31.0501  31.0501  25.9696  4.25
  0.426  37.6806  22.7832  84.3209  31.2402  31.2402  25.8252  4.26
  0.427  35.3977  22.5838  80.2252  29.9988  29.9988  25.6397  4.27
  0.428  35.233  22.6011  78.5036  30.4846  30.4846  25.8148  4.28
  0.429  34.7932  26.4748  81.6096  30.646  30.646  25.8214  4.29
  0.43  35.1827  26.0731  80.1837  30.1181  30.1181  25.7989  4.3
  0.431  36.6782  27.755  80.2548  29.8734  29.8734  25.878  4.31
  0.432  36.5524  28.0535  89.4505  29.6557  29.6557  26.0718  4.32
  0.433  35.7959  28.0536  89.8605  30.388  30.388  25.9821  4.33
  0.434  36.5751  27.6766  86.6008  29.2619  29.2619  26.0691  4.34
  0.435  38.8301  26.7965  87.1836  27.2323  27.2323  26.0378  4.35
  0.436  38.8291  27.0312  86.3829  27.8262  27.8262  25.7836  4.36
  0.437  41.144  28.5922  77.8551  27.8261  27.8261  25.3392  4.37
  0.438  41.3234  28.6468  77.5755  27.6623  27.6623  25.8114  4.38
  0.439  41.3338  30.2309  76.8896  27.7535  27.7535  25.8831  4.39
  0.44  44.3296  34.433  80.1433  31.0239  31.0239  25.9904  4.4
  0.441  43.8965  35.0141  77.3587  30.3904  30.3904  26.0036  4.41
  0.442  43.9049  34.2574  73.6253  29.2577  29.2577  25.9099  4.42
  0.443  42.7892  34.564  71.9398  30.6804  30.6804  26.145  4.43
  0.444  41.66  31.8629  71.262  32.042  32.042  25.8191  4.44
  0.445  41.646  27.6664  74.5079  35.0564  35.0564  26.1966  4.45
  0.446  42.9764  25.4758  75.8461  35.7575  35.7575  26.2202  4.46
  0.447  42.7116  25.2698  75.092  35.7421  35.7421  26.005  4.47
  0.448  42.2799  25.8589  75.0992  29.0929  29.0929  25.5851  4.48
  0.449  42.696  27.0106  71.2458  29.0648  29.0648  25.4077  4.49
  0.45  40.6593  26.8168  67.317  29.566  29.566  25.1932  4.5
  0.451  39.8798  27.172  63.8516  29.3337  29.3337  25.1981  4.51
  0.452  36.8575  27.1691  64.1899  29.6657  29.6657  25.3041  4.52
  0.453  37.9518  27.9093  65.8748  31.2341  31.2341  25.2368  4.53
  0.454  38.2725  27.9922  66.2667  31.094  31.094  25.1959  4.54
  0.455  38.4445  26.8791  67.2748  30.3954  30.3954  25.1672  4.55
  0.456  38.2779  25.184  63.698  31.5053  31.5053  25.1534  4.56
  0.457  39.001  23.2391  61.9167  32.1701  32.1701  25.2152  4.57
  0.458  38.9605  25.8732  60.441  32.292  32.292  25.548  4.58
  0.459  38.5435  25.6014  60.4858  33.118  33.118  25.7423  4.59
  0.46  39.2059  24.2199  63.2778  35.0117  35.0117  25.5598  4.6
  0.461  40.9389  23.7457  62.3081  34.4416  34.4416  25.3253  4.61
  0.462  40.9815  22.7106  65.0074  39.3647  39.3647  25.6844  4.62
  0.463  41.1523  22.0752  64.9949  37.5846  37.5846  25.3376  4.63
  0.464  43.6777  21.2418  64.0702  36.7451  36.7451  25.2837  4.64
  0.465  43.7196  20.9428  64.6154  34.5568  34.5568  25.1735  4.65
  0.466  41.9363  20.9849  63.7394  33.4041  33.4041  24.7301  4.66
  0.467  41.7749  20.937  63.8936  33.0829  33.0829  24.6773  4.67
  0.468  41.7233  21.1931  63.6686  33.5678  33.5678  24.7303  4.68
  0.469  42.9603  21.19  66.0917  32.5181  32.5181  24.7417  4.69
  0.47  42.9074  19.3231  66.3002  33.4721  33.4721  24.8862  4.7
  0.471  39.1702  19.6029  66.2536  33.9552  33.9552  24.4821  4.71
  0.472  39.5717  19.7996  66.7022  34.4544  34.4544  24.5073  4.72
  0.473  39.6759  20.3902  67.3481  34.5167  34.5167  24.9963  4.73
  0.474  39.5314  22.648  67.0653  35.7186  35.7186  25.5631  4.74
  0.475  37.9541  23.2917  70.5287  34.5515  34.5515  25.7856  4.75
  0.476  37.9555  23.7553  69.3449  34.6859  34.6859  25.5839  4.76
  0.477  37.258  24.9041  68.6649  34.735  34.735  25.6309  4.77
  0.478  35.0408  26.9467  66.9626  36.7103  36.7103  25.6631  4.78
  0.479  33.2713  27.685  63.2704  36.8263  36.8263  25.4937  4.79
  0.48  34.4711  26.9219  63.7209  36.6431  36.6431  25.744  4.8
  0.481  35.7521  27.1473  64.2616  36.6392  36.6392  25.8189  4.81
  0.482  33.5137  28.1117  68.7257  36.3508  36.3508  25.9021  4.82
  0.483  36.0866  28.2114  70.7476  35.8957  35.8957  26.0172  4.83
  0.484  35.5628  26.2861  68.2132  35.8147  35.8147  25.618  4.84
  0.485  33.912  27.8371  68.7414  36.7956  36.7956  25.8979  4.85
  0.486  32.9327  27.6069  68.1131  37.4365  37.4365  26.1855  4.86
  0.487  32.9424  28.0187  69.0267  37.5978  37.5978  25.9175  4.87
  0.488  32.4889  27.5905  69.299  37.108  37.108  25.8103  4.88
  0.489  32.0452  26.6509  70.1102  37.0343  37.0343  25.664  4.89
  0.49  31.9845  31.1758  67.2956  38.8143  38.8143  25.798  4.9
  0.491  31.3153  30.3999  69.7472  40.1072  40.1072  25.8312  4.91
  0.492  35.8979  32.2407  66.026  40.3448  40.3448  26.4819  4.92
  0.493  36.2765  31.2506  66.0002  40.359  40.359  26.7845  4.93
  0.494  37.4854  29.354  66.8949  39.1135  39.1135  26.8935  4.94
  0.495  39.94  33.0447  66.241  40.4617  40.4617  27.4128  4.95
  0.496  47.8005  29.0425  67.1331  40.3451  40.3451  27.5953  4.96
  0.497  47.8871  30.4255  66.6162  42.7538  42.7538  27.9057  4.97
  0.498  43.4687  30.4079  67.0682  45.4878  45.4878  28.1559  4.98
  0.499  40.4263  30.6389  66.919  44.4557  44.4557  27.6243  4.99
  0.5  40.4016  28.2695  66.5472  44.3322  44.3322  27.6421  5
  0.501  40.6158  27.955  66.2627  44.5732  44.5732  27.4291  5.01
  0.502  40.8887  25.7446  65.3989  43.0533  43.0533  27.1876  5.02
  0.503  40.32  25.2531  67.5409  43.0314  43.0314  26.9751  5.03
  0.504  35.5629  25.1494  67.6513  42.0491  42.0491  26.5227  5.04
  0.505  34.9329  25.4893  68.4307  44.0697  44.0697  26.1922  5.05
  0.506  32.6392  24.8915  67.4369  44.0847  44.0847  26.296  5.06
  0.507  31.3018  24.6931  70.2072  43.7591  43.7591  26.4156  5.07
  0.508  31.4535  24.6936  69.7734  43.4692  43.4692  26.7687  5.08
  0.509  29.4409  24.5451  65.9714  40.8779  40.8779  26.8631  5.09
  0.51  29.5826  25.5436  68.0426  42.8818  42.8818  27.0925  5.1
  0.511  30.5593  26.0197  68.4967  39.1719  39.1719  27.163  5.11
  0.512  32.8772  27.8975  68.219  38.7916  38.7916  27.0214  5.12
  0.513  32.6234  27.8613  68.2741  38.0874  38.0874  27.186  5.13
  0.514  31.0749  29.3529  74.4159  34.2697  34.2697  27.3805  5.14
  0.515  33.1176  28.7848  72.6103  34.4332  34.4332  27.4711  5.15
  0.516  33.0785  28.749  77.2836  34.8129  34.8129  27.6529  5.16
  0.517  33.0653  30.6735  81.8938  36.9679  36.9679  27.6481  5.17
  0.518  33.285  30.6598  77.9218  37.0447  37.0447  27.4543  5.18
  0.519  34.1111  30.6098  79.1653  33.8058  33.8058  27.3288  5.19
  0.52  33.969  35.1901  80.3551  30.2119  30.2119  27.5386  5.2
  0.521  33.9139  35.358  80.2789  31.3569  31.3569  27.1924  5.21
  0.522  33.686  36.2101  76.348  31.8376  31.8376  27.365  5.22
  0.523  32.1483  36.9716  75.0697  31.3429  31.3429  27.1896  5.23
  0.524  33.0257  36.8291  73.2136  30.8904  30.8904  27.0774  5.24
  0.525  34.3105  36.6187  73.5764  29.1221  29.1221  26.8672  5.25
  0.526  35.638  36.2153  79.3213  28.8901  28.8901  27.398  5.26
  0.527  37.2598  35.4842  79.9405  29.9758  29.9758  27.4234  5.27
  0.528  35.7541  38.6182  79.2754  31.4075  31.4075  27.6449  5.28
  0.529  36.263  38.6759  78.4672  31.4745  31.4745  27.4113  5.29
  0.53  36.0824  42.3453  82.263  33.2638  33.2638  27.2292  5.3
  0.531  36.8609  42.3839  82.0924  31.3726  31.3726  27.1665  5.31
  0.532  36.2573  39.2007  81.0119  31.6494  31.6494  27.0155  5.32
  0.533  36.0333  40.3659  83.0526  32.5238  32.5238  26.9991  5.33
  0.534  35.8711  42.6423  83.5031  32.9044  32.9044  27.2554  5.34
  0.535  35.8894  43.0451  83.4655  33.8314  33.8314  27.4962  5.35
  0.536  30.0356  43.4333  81.5807  36.2378  36.2378  27.2093  5.36
  0.537  28.8948  42.9317  81.773  36.4294  36.4294  27.0218  5.37
  0.538  28.5849  42.5271  81.8118  36.2905  36.2905  26.9475  5.38
  0.539  26.762  39.6992  80.8889  35.6597  35.6597  26.873  5.39
  0.54  29.0289  38.0191  88.4806  35.6782  35.6782  27.3251  5.4
  0.541  26.6385  37.5431  91.3287  34.6402  34.6402  27.2739  5.41
  0.542  25.8287  43.4924  92.4365  34.78  34.78  27.3193  5.42
  0.543  27.7452  44.306  93.2229  34.7796  34.7796  27.4149  5.43
  0.544  29.05  43.6986  93.3551  31.8317  31.8317  27.1126  5.44
  0.545  30.0019  43.5087  94.1673  32.5643  32.5643  27.4169  5.45
  0.546  29.9749  46.8986  93.3813  32.8007  32.8007  27.3264  5.46
  0.547  28.6622  42.4284  89.7992  31.1346  31.1346  27.2235  5.47
  0.548  26.738  46.6406  92.21  30.9155  30.9155  27.2716  5.48
  0.549  24.2398  46.6435  97.2532  31.2874  31.2874  27.403  5.49
  0.55  24.2352  46.29  97.7032  23.6737  23.6737  27.0611  5.5
  0.551  23.877  46.5262  101.519  27.9791  27.9791  27.1076  5.51
  0.552  24.2572  46.8714  101.753  27.5768  27.5768  27.5343  5.52
  0.553  24.7788  47.147  99.9605  26.6373  26.6373  27.6497  5.53
  0.554  25.1233  47.7887  101.356  26.6087  26.6087  27.514  5.54
  0.555  22.3593  48.2641  103.05  26.4823  26.4823  27.6159  5.55
  0.556  22.2099  47.5472  105.884  24.3675  24.3675  27.7479  5.56
  0.557  22.5927  53.4769  117.362  23.6688  23.6688  28.0896  5.57
  0.558  22.4097  55.4391  116.936  23.8722  23.8722  28.1579  5.58
  0.559  17.2267  58.5254  119.03  24.0943  24.0943  28.2403  5.59
  0.56  16.67  58.2713  121.314  24.0263  24.0263  28.201  5.6
  0.561  16.4019  57.0448  117.748  25.1563  25.1563  27.9512  5.61
  0.562  14.6783  54.9948  119.189  27.5218  27.5218  28.1199  5.62
  0.563  15.4891  51.6448  126.36  27.745  27.745  28.1648  5.63
  0.564  15.3918  51.3784  126.515  28.2259  28.2259  28.3949  5.64
  0.565  15.411  48.5139  130.343  27.8526  27.8526  28.3555  5.65
  0.566  15.2102  47.4478  126.154  28.4192  28.4192  28.3717  5.66
  0.567  15.7412  47.8807  125.123  29.1356  29.1356  28.3743  5.67
  0.568  16.1694  50.8428  133.938  28.1931  28.1931  28.8713  5.68
  0.569  15.6272  50.7354  133.292  28.2073  28.2073  28.9061  5.69
  0.57  16.0721  55.6893  132.914  28.014  28.014  29.0217  5.7
  0.571  15.7792  56.9745  129.168  28.986  28.986  28.7643  5.71
  0.572  15.5796  59.3541  133.212  29.426  29.426  29.0348  5.72
  0.573  14.759  60.9561  132.602  28.3453  28.3453  28.9672  5.73
  0.574  13.9677  62.9258  130.993  30.4719  30.4719  29.1058  5.74
  0.575  14.1843  62.3039  129.766  31.2643  31.2643  29.0129  5.75
  0.576  14.3349  68.786  129.087  32.4115  32.4115  29.103  5.76
  0.577  15.4304  63.8018  130.826  34.0392  34.0392  29.2499  5.77
  0.578  14.6851  67.2007  128.613  37.4072  37.4072  29.2896  5.78
  0.579  14.9101  65.373  126.493  34.7133  34.7133  29.1479  5.79
  0.58  13.8867  65.0927  125.889  34.5904  34.5904  29.0521  5.8
  0.581  14.5921  67.192  126.575  36.3793  36.3793  29.2816  5.81
  0.582  14.8225  67.0191  123.835  37.6428  37.6428  29.5103  5.82
  0.583  12.6927  66.2483  122.422  37.6269  37.6269  29.5114  5.83
  0.584  13.0121  68.2554  125.327  37.8241  37.8241  29.5813  5.84
  0.585  15.3225  75.8486  124.362  37.9586  37.9586  29.972  5.85
  0.586  16.2136  75.2114  124.965  39.146  39.146  29.7781  5.86
  0.587  15.1632  75.3934  120.196  37.5301  37.5301  29.6951  5.87
  0.588  14.3917  75.1016  120.737  37.3313  37.3313  29.8359  5.88
  0.589  15.4785  74.7359  132.672  39.4362  39.4362  30.1776  5.89
  0.59  15.2798  74.3477  133.062  39.1702  39.1702  29.7743  5.9
  0.591  14.6184  75.0012  127.026  39.5545  39.5545  29.351  5.91
  0.592  15.0527  73.0705  132.661  42.4746  42.4746  29.5689  5.92
  0.593  14.9369  73.746  132.732  44.1843  44.1843  29.6436  5.93
  0.594  15.7115  73.0258  134.568  46.3939  46.3939  30.0669  5.94
  0.595  15.0735  75.2618  143.136  46.4181  46.4181  30.1358  5.95
  0.596  14.7966  77.9969  143.228  46.9189  46.9189  30.0644  5.96
  0.597  15.9077  80.0019  141.178  47.9296  47.9296  30.2534  5.97
  0.598  15.8856  79.8697  144.003  44.3304  44.3304  30.4882  5.98
  0.599  12.5997  81.5223  143.538  44.6526  44.6526  30.465  5.99
  0.6  12.7625  85.1672  145.323  43.8536  43.8536  30.587  6
  0.601  13.1536  83.8619  149.758  44.5257  44.5257  30.6422  6.01
  0.602  12.6782  83.1955  149.833  44.3186  44.3186  30.7403  6.02
  0.603  10.5343  83.0294  146.455  44.7382  44.7382  30.7512  6.03
  0.604  12.3783  87.1657  146.896  44.5702  44.5702  30.9036  6.04
  0.605  12.2407  89.2614  143.179  44.4077  44.4077  30.6105  6.05
  0.606  11.254  89.5981  145.415  45.0973  45.0973  30.7826  6.06
  0.607  10.8396  89.6585  148.296  44.5414  44.5414  30.976  6.07
  0.608  10.4581  89.0838  145.584  39.4355  39.4355  30.5727  6.08
  0.609  8.48734  88.7169  146.501  38.0073  38.0073  30.601  6.09
  0.61  7.89192  86.6939  145.56  38.6086  38.6086  30.6109  6.1
  0.611  8.45232  86.7099  144.162  40.2985  40.2985  31.0238  6.11
  0.612  8.49129  88.6595  144.363  41.1763  41.1763  30.8748  6.12
  0.613  8.42627  92.4501  144.605  40.819  40.819  31.0617  6.13
  0.614  8.62181  97.3655  151.988  40.6535  40.6535  31.6918  6.14
  0.615  9.23335  97.3658  151.177  44.243  44.243  31.689  6.15
  0.616  12.1722  95.6596  157.664  47.71  47.71  32.3821  6.16
  0.617  12.2731  87.8738  158.966  46.9691  46.9691  32.3974  6.17
  0.618  12.0306  94.6967  158.908  46.6979  46.6979  32.3072  6.18
  0.619  11.8713  93.7253  159.975  46.6425  46.6425  32.2925  6.19
  0.62  10.0314  98.2566  158.849  46.8102  46.8102  32.1874  6.2
  0.621  9.94579  97.4809  158.048  49.4798  49.4798  32.2192  6.21
  0.622  10.9392  102.68  160.558  49.4968  49.4968  32.4778  6.22
  0.623  11.5881  105.534  160.361  52.1779  52.1779  32.5475  6.23
  0.624  12.2105  104.716  168.757  51.7365  51.7365  32.7756  6.24
  0.625  13.2387  109.084  168.067  52.4199  52.4199  32.6141  6.25
  0.626  13.2626  119.751  168.163  53.1643  53.1643  32.8095  6.26
  0.627  13.3752  120.34  179.758  52.7526  52.7526  32.7749  6.27
  0.628  12.9906  123.978  181.815  52.3755  52.3755  33.1621  6.28
  0.629  13.0419  124.947  182.834  50.1006  50.1006  32.9852  6.29
  0.63  14.2432  125.401  176.001  52.7842  52.7842  32.8337  6.3
  0.631  14.4944  125.142  183.222  55.8217  55.8217  33.0772  6.31
  0.632  15.395  124.584  181.904  55.9063  55.9063  33.3743  6.32
  0.633  15.5373  126.889  181.712  58.1015  58.1015  33.6034  6.33
  0.634  16.2853  126.826  183.955  57.5611  57.5611  33.7776  6.34
  0.635  15.1021  126.801  178.858  58.2099  58.2099  34.0321  6.35
  0.636  13.467  126.87  180.842  58.4486  58.4486  34.3525  6.36
  0.637  17.5474  127.457  181.051  57.9378  57.9378  34.2897  6.37
  0.638  18.4102  128.289  187.728  56.6361  56.6361  34.5467  6.38
  0.639  19.2078  126.177  189.576  60.3787  60.3787  34.4703  6.39
  0.64  20.1789  130.273  188.691  60.8307  60.8307  34.2416  6.4
  0.641  19.8315  125.885  188.086  62.6084  62.6084  34.2891  6.41
  0.642  19.9316  112.147  188.911  62.7291  62.7291  33.5788  6.42
  0.643  19.2021  111.329  187.217  61.788  61.788  33.1463  6.43
  0.644  19.3596  111.447  188.205  62.6913  62.6913  33.5911  6.44
  0.645  19.601  111.423  182.462  60.7667  60.7667  33.2211  6.45
  0.646  17.0586  112.124  182.561  62.5817  62.5817  33.3602  6.46
  0.647  19.7413  114.278  186.399  62.0637  62.0637  33.289  6.47
  0.648  18.4457  114.79  187.778  61.7349  61.7349  33.3591  6.48
  0.649  18.1269  117.217  203.963  58.779  58.779  34.2771  6.49
  0.65  17.6269  116.722  207.055  60.5609  60.5609  34.0642  6.5
  0.651  17.9076  119.066  206.168  60.6275  60.6275  34.0326  6.51
  0.652  18.5881  114.76  206.645  62.5613  62.5613  33.8001  6.52
  0.653  17.2056  117.119  206.601  61.8406  61.8406  33.8136  6.53
  0.654  13.4144  115.128  206.49  61.6026  61.6026  33.7796  6.54
  0.655  13.3365  115.786  207.178  60.6565  60.6565  33.9834  6.55
  0.656  9.46486  116.509  206.055  60.7531  60.7531  34.3176  6.56
  0.657  7.3539  116.508  209.284  60.7717  60.7717  34.8606  6.57
  0.658  6.64308  114.407  207.356  57.0284  57.0284  35.068  6.58
  0.659  5.90772  116.213  205.581  56.9931  56.9931  35.0075  6.59
  0.66  6.75306  115.565  200.187  58.7734  58.7734  35.1056  6.6
  0.661  5.89444  112.941  203.285  58.6712  58.6712  35.037  6.61
  0.662  7.23772  116.745  204.497  58.6167  58.6167  34.9377  6.62
  0.663  7.13739  116.275  203.746  55.5648  55.5648  35.0116  6.63
  0.664  8.47269  121.04  205.256  55.0807  55.0807  35.3582  6.64
  0.665  8.55045  117.251  205.515  57.1421  57.1421  35.5833  6.65
  0.666  9.44779  114.387  205.367  55.26  55.26  35.7736  6.66
  0.667  9.43212  115.874  199.087  53.7317  53.7317  35.7555  6.67
  0.668  10.6354  118.543  192.84  53.8803  53.8803  35.7754  6.68
  0.669  9.08184  118.862  192.306  50.5774  50.5774  35.4035  6.69
  0.67  9.03218  118.063  207.441  50.0121  50.0121  35.4819  6.7
  0.671  8.73339  121.016  217.05  50.3879  50.3879  36.0083  6.71
  0.672  9.56792  123.038  215.376  50.2862  50.2862  36.0057  6.72
  0.673  8.93403  122.546  216.097  53.4193  53.4193  36.4274  6.73
  0.674  7.81406  122.508  215.495  53.4328  53.4328  36.7126  6.74
  0.675  8.48809  122.514  211.583  54.5184  54.5184  36.9315  6.75
  0.676  8.18339  123.235  212.699  57.1366  57.1366  36.6184  6.76
  0.677  9.34151  119.506  212.497  53.3635  53.3635  36.3052  6.77
  0.678  10.057  116.898  212.506  52.1129  52.1129  36.1049  6.78
  0.679  9.83858  116.483  213.044  55.8624  55.8624  36.5222  6.79
  0.68  9.89506  105.067  212.643  58.0474  58.0474  36.856  6.8
  0.681  8.79597  109.003  206.209  55.357  55.357  36.9385  6.81
  0.682  8.82821  111.412  205.983  59.4138  59.4138  37.1077  6.82
  0.683  9.47155  108.639  209.555  58.7074  58.7074  36.6773  6.83
  0.684  9.25713  109.745  218.568  58.212  58.212  36.8427  6.84
  0.685  9.60381  114.463  206.891  58.1194  58.1194  36.2318  6.85
  0.686  9.89421  113.706  201.079  54.7115  54.7115  35.9439  6.86
  0.687  9.56016  119.419  201.292  53.6721  53.6721  36.0566  6.87
  0.688  10.0627  119.304  197.612  50.8464  50.8464  35.6278  6.88
  0.689  10.0616  115.926  194.797  50.7024  50.7024  35.3554  6.89
  0.69  11.7415  115.796  200.355  47.3726  47.3726  35.7231  6.9
  0.691  12.1509  118.223  200.742  43.651  43.651  35.7364  6.91
  0.692  12.053  118.273  189.494  43.1797  43.1797  35.4823  6.92
  0.693  11.9655  117.679  196.512  43.5594  43.5594  35.7371  6.93
  0.694  12.4724  117.746  193.37  43.3687  43.3687  36.0709  6.94
  0.695  12.2483  118.232  205.692  46.1645  46.1645  36.0761  6.95
  0.696  12.3945  118.925  208.629  45.2961  45.2961  36.012  6.96
  0.697  13.8208  121.687  208.406  45.6397  45.6397  36.0671  6.97
  0.698  16.3204  120.236  213.951  44.4525  44.4525  35.97  6.98
  0.699  16.8024  120.409  210.835  40.3305  40.3305  35.823  6.99
  0.7  16.5327  119.113  212.19  41.1801  41.1801  36.2293  7
  0.701  17.0107  125.352  216.824  45.0399  45.0399  36.5389  7.01
  0.702  17.3708  129.613  215.319  43.8281  43.8281  36.2408  7.02
  0.703  15.9952  129.959  212.244  44.3098  44.3098  35.8376  7.03
  0.704  15.9985  129.211  207.992  43.6744  43.6744  35.6556  7.04
  0.705  16.3345  130.228  207.976  43.1231  43.1231  35.5874  7.05
  0.706  16.3997  129.921  209.517  44.9455  44.9455  36.0367  7.06
  0.707  16.9444  128.527  206.549  49.0168  49.0168  36.2968  7.07
  0.708  16.2433  132.411  203.919  49.6043  49.6043  35.6234  7.08
  0.709  17.3459  133.971  205.079  45.2099  45.2099  35.5788  7.09
  0.71  17.3575  136.688  209.552  45.619  45.619  35.7953  7.1
  0.711  16.759  137.335  217.246  44.5725  44.5725  36.3385  7.11
  0.712  16.6265  137.397  217.909  44.191  44.191  36.8015  7.12
  0.713  16.482  144.724  216.153  44.5916  44.5916  36.9226  7.13
  0.714  18.0554  144.727  214.626  44.706  44.706  36.8397  7.14
  0.715  18.1  144.177  214.998  48.8849  48.8849  37.3609  7.15
  0.716  17.0078  146.385  213.659  49.7274  49.7274  37.2578  7.16
  0.717  17.3946  149.872  209.276  46.3423  46.3423  37.1556  7.17
  0.718  16.6327  153.554  206.544  47.1789  47.1789  37.5524  7.18
  0.719  16.831  154.332  206.12  46.2564  46.2564  37.7276  7.19
  0.72  14.6309  155.608  211.293  45.7244  45.7244  38.1904  7.2
  0.721  13.6579  149.899  211.083  45.4434  45.4434  37.9238  7.21
  0.722  14.8982  150.918  203.866  44.3259  44.3259  37.431  7.22
  0.723  13.6387  151.433  204.164  44.2599  44.2599  37.3982  7.23
  0.724  13.5289  155.626  204.935  43.6326  43.6326  37.9457  7.24
  0.725  12.5017  165.794  204.092  43.4329  43.4329  38.0989  7.25
  0.726  11.0428  164.808  208.296  43.336  43.336  38.0346  7.26
  0.727  11.5071  164.43  209.886  43.3511  43.3511  37.7786  7.27
  0.728  12.0068  158.112  206.927  41.741  41.741  37.3874  7.28
  0.729  11.8548  158.71  205.374  39.9989  39.9989  37.4927  7.29
  0.73  11.9035  154.759  208.745  35.5893  35.5893  37.3842  7.3
  0.731  12.7524  149.249  208.633  34.1081  34.1081  37.1423  7.31
  0.732  13.1952  152.6  209.698  32.8305  32.8305  37.4582  7.32
  0.733  11.7211  164.853  208.321  31.9399  31.9399  37.4375  7.33
  0.734  11.5463  164.766  201.278  31.5159  31.5159  37.4883  7.34
  0.735  11.3482  172.749  196.282  32.8297  32.8297  37.5784  7.35
  0.736  11.4854  166.748  186.303  32.525  32.525  37.1847  7.36
  0.737  12.0742  160.826  181.918  32.4262  32.4262  37.0151  7.37
  0.738  13.1298  160.402  185.832  32.4339  32.4339  37.3633  7.38
  0.739  12.9097  160.467  188.995  31.9705  31.9705  37.6246  7.39
  0.74  12.2459  156.275  191.139  31.8124  31.8124  37.3803  7.4
  0.741  12.5387  155.483  195.59  30.6495  30.6495  37.2336  7.41
  0.742  12.5983  154.519  194.817  30.4523  30.4523  37.1887  7.42
  0.743  11.8037  154.648  199.988  30.2358  30.2358  37.3008  7.43
  0.744  12.3994  154.469  204.486  30.542  30.542  37.449  7.44
  0.745  13.2436  154.05  203.024  32.0664  32.0664  37.5392  7.45
  0.746  13.3539  154.426  202.321  31.7258  31.7258  37.4194  7.46
  0.747  13.1894  160.308  214.156  32.8649  32.8649  38.4111  7.47
  0.748  13.1623  156.067  216.175  33.0361  33.0361  38.4501  7.48
  0.749  13.3774  156.492  223.416  33.8309  33.8309  38.6767  7.49
  0.75  13.3294  157.684  218.468  35.8273  35.8273  38.9693  7.5
  0.751  13.1412  155.826  223.25  37.8801  37.8801  39.405  7.51
  0.752  15.8139  148.092  223.263  36.0006  36.0006  39.3901  7.52
  0.753  16.4085  150.065  225.396  32.3497  32.3497  39.8425  7.53
  0.754  16.4589  149.246  225.114  34.5902  34.5902  40.07  7.54
  0.755  16.0533  148.005  225.985  31.891  31.891  39.9712  7.55
  0.756  17.268  146.488  228.949  31.8602  31.8602  40.1921  7.56
  0.757  16.7905  147.309  229.29  35.4541  35.4541  39.9785  7.57
  0.758  17.5548  147.153  228.125  35.9964  35.9964  39.8835  7.58
  0.759  19.3278  153.492  231.127  36.8311  36.8311  39.9258  7.59
  0.76  19.1432  153.615  226.462  36.287  36.287  39.3862  7.6
  0.761  17.803  159.17  226.241  37.2514  37.2514  39.2533  7.61
  0.762  15.9951  156.749  232.111  37.0173  37.0173  39.4099  7.62
  0.763  16.876  157.322  223.265  37.4274  37.4274  38.9404  7.63
  0.764  17.4217  160.4  222.426  37.6637  37.6637  39.247  7.64
  0.765  21.6775  156.014  225.799  37.7605  37.7605  39.2294  7.65
  0.766  20.6573  155.376  225.608  37.5335  37.5335  39.2374  7.66
  0.767  20.8367  157.766  226.871  36.2295  36.2295  39.4305  7.67
  0.768  19.7809  150.6  232.255  38.4681  38.4681  39.6629  7.68
  0.769  19.9508  147.088  233.435  34.106  34.106  39.6463  7.69
  0.77  19.9446  146.634  238.9  34.8544  34.8544  40.0923  7.7
  0.771  20.4047  146.87  240.127  35.255  35.255  40.2609  7.71
  0.772  17.959  153.512  235.194  34.4724  34.4724  40.4256  7.72
  0.773  16.856  152.607  239.472  31.601  31.601  40.4699  7.73
  0.774  16.1621  148.38  240.016  31.8075  31.8075  40.6065  7.74
  0.775  18.4344  148.44  243.964  30.9621  30.9621  40.8732  7.75
  0.776  18.7136  148.473  243.723  30.6378  30.6378  40.6048  7.76
  0.777  16.2755  147.562  247.079  29.5636  29.5636  40.6229  7.77
  0.778  16.1191  146.766  244.314  26.7912  26.7912  40.2936  7.78
  0.779  16.403  148.858  241.681  26.0627  26.0627  40.2778  7.79
  0.78  16.2005  149.648  241.519  24.7393  24.7393  40.2137  7.8
  0.781  18.6932  150.4  238.906  27.862  27.862  40.3536  7.81
  0.782  18.6601  145.668  241.702  27.9077  27.9077  40.5086  7.82
  0.783  19.6922  150.291  242.864  28.6106  28.6106  40.8047  7.83
  0.784  19.6785  155.867  250.984  28.1183  28.1183  41.0873  7.84
  0.785  21.0074  163.765  245.476  26.479  26.479  41.1241  7.85
  0.786  24.7967  163.828  242.029  26.6336  26.6336  40.9676  7.86
  0.787  24.8862  165.295  244.244  25.7222  25.7222  40.8075  7.87
  0.788  24.6043  162.601  241.071  23.2069  23.2069  40.621  7.88
  0.789  24.443  155.435  241.171  23.1951  23.1951  40.5487  7.89
  0.79  22.375  155.846  237.448  23.676  23.676  40.8837  7.9
  0.791  22.9412  152.831  239.324  24.5285  24.5285  41.1102  7.91
  0.792  19.6258  153.634  240.798  24.59  24.59  41.0563  7.92
  0.793  19.3342  156.164  239.461  27.4446  27.4446  41.357  7.93
  0.794  19.819  157.456  231.446  29.37  29.37  41.2413  7.94
  0.795  19.743  162.478  234.053  29.3195  29.3195  41.6914  7.95
  0.796  20.2756  162.353  230.428  28.8926  28.8926  41.8377  7.96
  0.797  20.5504  162.088  230.99  28.8815  28.8815  42.0193  7.97
  0.798  20.5488  163.545  230.402  29.6304  29.6304  42.3319  7.98
  0.799  20.6339  166.799  225.695  32.0598  32.0598  41.9581  7.99
  0.8  20.5459  166.865  223.648  31.1672  31.1672  41.6091  8
  0.801  21.5366  160.342  217.334  31.7064  31.7064  41.4789  8.01
  0.802  21.5792  161.204  216.56  29.4128  29.4128  41.8074  8.02
  0.803  22.7449  161.234  218.331  28.9137  28.9137  41.5301  8.03
  0.804  19.9112  161.817  213.689  29.1567  29.1567  41.1009  8.04
  0.805  20.0769  161.679  212.045  29.8983  29.8983  40.7392  8.05
  0.806  21.3849  166.781  216.168  30.2261  30.2261  40.9695  8.06
  0.807  19.5877  169.616  211.927  27.8098  27.8098  41.0216  8.07
  0.808  18.772  176.747  215.455  30.2228  30.2228  41.512  8.08
  0.809  19.5704  174.539  211.584  31.0145  31.0145  41.2183  8.09
  0.81  19.7731  172.973  211.905  30.3635  30.3635  41.3323  8.1
  0.811  19.1828  174.317  212.943  30.9615  30.9615  41.3749  8.11
  0.812  19.0269  172.902  218.775  32.7183  32.7183  41.5253  8.12
  0.813  20.7774  172.89  220.129  29.4627  29.4627  41.7029  8.13
  0.814  20.6351  175.16  217.048  30.7617  30.7617  41.8335  8.14
  0.815  20.3609  172.201  215.191  30.6776  30.6776  41.6461  8.15
  0.816  20.3921  172.706  215.168  28.8092  28.8092  41.3176  8.16
  0.817  19.9773  171.705  216.368  29.2776  29.2776  41.4654  8.17
  0.818  19.882  171.607  208.326  28.3734  28.3734  41.6005  8.18
  0.819  19.8665  178.902  215.801  27.9904  27.9904  42.0542  8.19
  0.82  18.1301  185.146  220.504  25.1295  25.1295  42.8393  8.2
  0.821  18.4979  189.614  224.046  26.5446  26.5446  43.0794  8.21
  0.822  17.6539  186.216  218.507  28.9433  28.9433  42.9308  8.22
  0.823  15.261  184.136  218.594  25.2439  25.2439  43.1842  8.23
  0.824  15.8415  185.138  220.372  25.5305  25.5305  43.7347  8.24
  0.825  15.8465  184.053  226.179  24.442  24.442  43.9604  8.25
  0.826  15.9045  179.107  226.084  25.6678  25.6678  43.9554  8.26
  0.827  15.6581  179.779  226.11  25.8335  25.8335  43.9913  8.27
  0.828  14.9499  179.377  223.703  27.1061  27.1061  43.7771  8.28
  0.829  14.6503  178.695  224.39  24.1057  24.1057  43.6957  8.29
  0.83  13.1175  172.931  225.203  24.231  24.231  43.3146  8.3
  0.831  13.6384  171.092  221.338  23.0615  23.0615  43.4847  8.31
  0.832  13.4178  169.837  222.887  22.6678  22.6678  43.3463  8.32
  0.833  13.2439  169.927  203.886  22.7186  22.7186  43.1656  8.33
  0.834  13.5217  166.089  203.81  20.4069  20.4069  42.7684  8.34
  0.835  13.4311  161.929  210.767  20.1672  20.1672  43.0082  8.35
  0.836  13.5406  164.447  202.557  20.163  20.163  43.2054  8.36
  0.837  12.5682  163.399  199.169  20.0938  20.0938  43.0059  8.37
  0.838  12.1405  160.896  190.231  22.375  22.375  42.8546  8.38
  0.839  13.4543  158.628  188.664  25.4042  25.4042  42.7716  8.39
  0.84  12.9516  159.025  186.77  23.4252  23.4252  43.0252  8.4
  0.841  11.53  157.976  189.87  26.5489  26.5489  43.5155  8.41
  0.842  11.0713  158.563  187.76  24.7113  24.7113  43.5181  8.42
  0.843  10.4121  159.471  186.464  24.5905  24.5905  43.2873  8.43
  0.844  11.2879  156.032  178.879  24.9803  24.9803  42.8188  8.44
  0.845  11.0339  157.399  177.401  25.5851  25.5851  42.8921  8.45
  0.846  11.4606  159.21  172.983  24.415  24.415  42.6732  8.46
  0.847  11.2648  158.415  171.58  24.6131  24.6131  42.6255  8.47
  0.848  11.6235  171.447  170.432  26.095  26.095  43.0231  8.48
  0.849  12.9837  171.734  172.868  26.4316  26.4316  43.0006  8.49
  0.85  14.0583  177.258  173.502  26.4304  26.4304  43.959  8.5
  0.851  14.0763  176.348  162.005  24.3484  24.3484  43.1389  8.51
  0.852  13.9769  173.362  164.806  23.6002  23.6002  43.2176  8.52
  0.853  16.0041  172.87  165.744  23.6252  23.6252  42.9918  8.53
  0.854  15.3723  173.095  165.89  23.3283  23.3283  42.7222  8.54
  0.855  16.2013  173.221  166.517  21.3381  21.3381  42.7221  8.55
  0.856  16.4306  178.155  167.068  21.8401  21.8401  42.7961  8.56
  0.857  17.239  169.917  161.293  20.4858  20.4858  42.3368  8.57
  0.858  17.006  176.711  162.934  19.9564  19.9564  42.8949  8.58
  0.859  18.4734  176.666  162.909  18.3801  18.3801  42.7611  8.59
  0.86  17.5801  171.884  163.659  18.0186  18.0186  42.4222  8.6
  0.861  17.0514  171.607  158.958  18.1069  18.1069  42.1846  8.61
  0.862  17.051  173.993  163.153  18.6868  18.6868  42.5584  8.62
  0.863  15.4479  171.162  164.853  18.503  18.503  42.5144  8.63
  0.864  15.3884  170.629  163.274  19.4824  19.4824  42.7279  8.64
  0.865  15.524  169.717  168.346  20.5599  20.5599  42.9151  8.65
  0.866  15.221  171.995  172.842  20.5334  20.5334  43.32  8.66
  0.867  14.6667  173.836  170.383  21.3117  21.3117  43.7372  8.67
  0.868  14.6564  170.52  169.337  20.9487  20.9487  43.5986  8.68
  0.869  16.5685  173.968  170.124  17.8018  17.8018  43.7322  8.69
  0.87  16.3638  168.793  168.035  22.9467  22.9467  43.5452  8.7
  0.871  17.235  168.272  168.524  21.3771  21.3771  43.5854  8.71
  0.872  17.3263  164.538  185.031  20.4678  20.4678  44.3206  8.72
  0.873  17.7875  164.568  187.161  23.1501  23.1501  44.5759  8.73
  0.874  17.6324  164.959  186.106  23.1664  23.1664  44.5179  8.74
  0.875  17.6254  159.543  185.515  22.8798  22.8798  44.6209  8.75
  0.876  16.0423  164.531  176.706  23.6602  23.6602  44.6875  8.76
  0.877  16.3406  160.425  180.727  24.7114  24.7114  44.7118  8.77
  0.878  16.2112  156.701  178.69  23.5463  23.5463  44.7938  8.78
  0.879  16.1354  157.447  189.256  22.309  22.309  45.3161  8.79
  0.88  15.3269  159.622  194.008  20.0084  20.0084  45.1074  8.8
  0.881  15.3402  161.513  194.569  20.1456  20.1456  44.7494  8.81
  0.882  15.38  164.031  190.399  20.4729  20.4729  44.5129  8.82
  0.883  13.1583  164.397  189.978  19.1921  19.1921  44.0143  8.83
  0.884  12.1341  164.465  185.727  20.2713  20.2713  43.9235  8.84
  0.885  13.8749  164.462  187.985  17.8084  17.8084  44.1809  8.85
  0.886  13.524  171.323  186.026  17.5164  17.5164  44.2408  8.86
  0.887  15.7247  170.001  187.239  17.5223  17.5223  43.4315  8.87
  0.888  16.4616  167.5  186.529  17.4739  17.4739  43.193  8.88
  0.889  16.1092  169.909  187.796  17.9376  17.9376  43.3485  8.89
  0.89  17.6417  168.814  187.885  18.3907  18.3907  43.2632  8.9
  0.891  17.6356  171.752  187.056  17.8258  17.8258  43.6387  8.91
  0.892  17.4955  172.044  187.472  16.4848  16.4848  43.8659  8.92
  0.893  15.0195  171.426  182.267  17.674  17.674  43.9117  8.93
  0.894  14.4046  159.137  174.413  17.9825  17.9825  43.1956  8.94
  0.895  14.4109  159.378  169.201  17.7647  17.7647  43.4005  8.95
  0.896  15.1838  157.96  168.17  17.378  17.378  43.1082  8.96
  0.897  13.4718  158.853  171.316  16.05  16.05  42.7206  8.97
  0.898  12.6871  156.468  170.494  14.9075  14.9075  43.227  8.98
  0.899  13.274  156.377  173.838  14.5307  14.5307  43.3922  8.99
  0.9  13.9664  155.713  172.941  14.5407  14.5407  43.5162  9
  0.901  13.7877  154.163  172.771  14.275  14.275  43.6057  9.01
  0.902  14.7959  153.299  169.192  14.1934  14.1934  43.8515  9.02
  0.903  14.5936  149.591  161.996  14.2044  14.2044  43.6981  9.03
  0.904  14.6056  148.968  170.461  14.364  14.364  43.6445  9.04
  0.905  14.5625  148.307  168.956  14.5957  14.5957  43.3247  9.05
  0.906  13.9169  150.001  169.17  14.849  14.849  43.9257  9.06
  0.907  13.9819  150.985  169.013  14.715  14.715  44.1608  9.07
  0.908  13.6402  151.74  168.908  14.8382  14.8382  44.8535  9.08
  0.909  11.3955  150.888  168.915  16.9575  16.9575  44.5239  9.09
  0.91  11.3623  150.807  168.417  18.3285  18.3285  44.902  9.1
  0.911  11.8569  153.344  165.362  18.1497  18.1497  44.5927  9.11
  0.912  11.6528  153.297  167.012  18.8358  18.8358  44.6176  9.12
  0.913  11.007  156.509  173.035  18.448  18.448  44.9062  9.13
  0.914  12.0016  156.142  168.618  20.0793  20.0793  44.9294  9.14
  0.915  11.5049  159.856  170.893  20.2566  20.2566  44.8965  9.15
  0.916  12.1547  160.409  170.858  21.7771  21.7771  44.9204  9.16
  0.917  12.6467  157.067  170.889  21.895  21.895  44.7058  9.17
  0.918  12.416  157.047  173.065  21.3118  21.3118  45.228  9.18
  0.919  13.4859  157.594  169.653  20.519  20.519  45.2257  9.19
  0.92  13.7482  163.07  171.306  22.7251  22.7251  45.3634  9.2
  0.921  14.2688  163.107  167.755  24.4533  24.4533  45.6873  9.21
  0.922  14.066  160.293  168.483  23.5876  23.5876  45.5886  9.22
  0.923  15.1252  161.809  170.274  23.5256  23.5256  45.8048  9.23
  0.924  16.8103  167.971  169.442  23.6685  23.6685  46.5345  9.24
  0.925  15.0978  166.593  167.124  22.2674  22.2674  46.2721  9.25
  0.926  15.0038  165.628  166.905  22.5997  22.5997  46.3176  9.26
  0.927  16.3519  171.476  170.709  21.1333  21.1333  46.1893  9.27
  0.928  17.2095  172.08  173.034  20.1546  20.1546  46.1058  9.28
  0.929  17.8477  174.787  174.869  18.6724  18.6724  45.9317  9.29
  0.93  17.8465  173.602  180.247  17.6642  17.6642  46.5436  9.3
  0.931  17.8798  173.983  179.252  16.5076  16.5076  46.5688  9.31
  0.932  18.6516  177.806  179.549  15.3501  15.3501  46.7315  9.32
  0.933  19.6284  170.591  180.419  13.699  13.699  46.5943  9.33
  0.934  19.6616  167.357  177.053  13.6988  13.6988  46.6981  9.34
  0.935  16.5752  166.922  177.404  15.9303  15.9303  46.3015  9.35
  0.936  15.551  165.565  175.863  17.9432  17.9432  46.402  9.36
  0.937  16.2619  168.084  175.414  18.892  18.892  46.4533  9.37
  0.938  15.0616  172.803  175.427  18.4733  18.4733  46.6377  9.38
  0.939  14.9145  170.388  172.845  18.9153  18.9153  46.3162  9.39
  0.94  15.3062  180.803  172.983  20.3561  20.3561  46.9322  9.4
  0.941  14.7533  181.074  177.868  21.4676  21.4676  47.1001  9.41
  0.942  14.4655  187.424  174.792  21.784  21.784  47.5814  9.42
  0.943  13.4918  180.788  172.013  21.4906  21.4906  47.9652  9.43
  0.944  13.4945  187.464  173.889  21.604  21.604  48.2605  9.44
  0.945  11.7372  190.254  172.455  21.7434  21.7434  47.9121  9.45
  0.946  11.3125  182.561  172.953  21.7  21.7  48.2473  9.46
  0.947  11.3845  180.101  178.307  21.6664  21.6664  48.5097  9.47
  0.948  11.1775  180.056  175.435  19.504  19.504  48.7942  9.48
  0.949  10.7082  189.148  175.836  19.62  19.62  49.0655  9.49
  0.95  11.883  189.684  177.528  20.8948  20.8948  49.334  9.5
  0.951  10.6801  190.262  176.16  24.3393  24.3393  49.615  9.51
  0.952  10.6889  188.077  176.213  24.6041  24.6041  49.8601  9.52
  0.953  10.6797  193.114  176.771  21.4249  21.4249  50.112  9.53
  0.954  10.998  193.144  174.952  21.6782  21.6782  50.0233  9.54
  0.955  9.98425  198.431  179.91  19.8171  19.8171  50.1839  9.55
  0.956  10.0398  200.739  178.46  19.6165  19.6165  49.9382  9.56
  0.957  9.37192  200.875  173.723  19.2515  19.2515  49.8209  9.57
  0.958  8.67975  200.07  174.004  16.7479  16.7479  50.476  9.58
  0.959  8.81918  200.822  173.72  16.1519  16.1519  50.3611  9.59
  0.96  9.19875  202.409  170.782  16.2026  16.2026  50.5041  9.6
  0.961  8.43186  205.866  168.465  16.5637  16.5637  51.3366  9.61
  0.962  8.6922  204.529  156.633  14.7864  14.7864  51.2999  9.62
  0.963  8.51478  211.097  160.296  15.1356  15.1356  51.7028  9.63
  0.964  9.38549  211.244  161.357  14.0157  14.0157  51.8631  9.64
  0.965  8.16147  211.816  161.758  15.15  15.15  51.8025  9.65
  0.966  8.15272  206.322  161.728  13.6689  13.6689  51.8896  9.66
  0.967  8.77288  204.78  161.236  14.1917  14.1917  51.512  9.67
  0.968  8.78606  216.388  163.08  14.6706  14.6706  52.2537  9.68
  0.969  8.43688  213.883  162.077  13.4633  13.4633  52.7664  9.69
  0.97  8.98377  214.843  163.067  13.7772  13.7772  52.8748  9.7
  0.971  9.46776  207.437  163.585  14.1294  14.1294  52.8302  9.71
  0.972  10.9695  209.276  165.762  14.5169  14.5169  53.0967  9.72
  0.973  9.49495  206.745  168.744  14.9901  14.9901  53.3934  9.73
  0.974  8.65085  201.094  169.072  15.4637  15.4637  53.6189  9.74
  0.975  8.27582  201.395  168.941  16.4671  16.4671  53.4435  9.75
  0.976  8.26093  202.105  168.644  17.6217  17.6217  53.6524  9.76
  0.977  9.44133  199.021  166.077  17.1995  17.1995  54.0153  9.77
  0.978  9.55573  199.155  165.927  17.0404  17.0404  53.9595  9.78
  0.979  10.76  199.888  165.795  16.5784  16.5784  53.8598  9.79
  0.98  10.947  205.941  163.01  15.3077  15.3077  54.0482  9.8
  0.981  12.5341  211.62  162.568  14.3824  14.3824  54.414  9.81
  0.982  11.4214  208.425  161.676  15.3748  15.3748  54.2429  9.82
  0.983  12.6306  208.25  161.651  15.407  15.407  54.1993  9.83
  0.984  12.5756  207.61  164.567  15.474  15.474  54.4648  9.84
  0.985  12.7117  209.408  164.274  15.2793  15.2793  54.7946  9.85
  0.986  13.4394  215.605  163.638  15.7633  15.7633  54.599  9.86
  0.987  13.2082  213.792  161.037  15.6106  15.6106  54.0959  9.87
  0.988  13.3996  211.059  161.435  13.5045  13.5045  54.3964  9.88
  0.989  14.8923  210.958  161.124  13.1036  13.1036  54.3576  9.89
  0.99  14.9959  212.04  160.498  13.5298  13.5298  54.7108  9.9
  0.991  14.3353  212.86  161.157  13.9479  13.9479  54.6095  9.91
  0.992  14.9792  212.238  157.983  14.887  14.887  54.9786  9.92
  0.993  14.9228  208.658  161.452  15.076  15.076  54.7471  9.93
  0.994  13.1306  208.844  161.637  16.5  16.5  54.5936  9.94
  0.995  13.448  219.098  165.857  16.7566  16.7566  54.5911  9.95
  0.996  12.3482  218.409  171.819  17.561  17.561  55.2021  9.96
  0.997  14.9636  216.492  172.612  19.9685  19.9685  55.7405  9.97
  0.998  15.0062  220.392  173.177  20.37  20.37  56.1852  9.98
  0.999  15.2907  229.529  173.031  21.1226  21.1226  56.6089  9.99
  1  16.1147  234.122  173.809  22.7109  22.7109  56.4946  10
